$ 1 0.000005 382.76258214399064 40 5 43 5e-11
409 256 192 448 192 1 0.6 -1.656192550648374 0.0231 0
g 0 368 -48 368 0 0
R 112 128 48 128 0 0 40 3.33 0 0 0.5
r 256 208 256 320 0 10000
r 256 208 112 208 0 20000
w 352 224 352 368 0
w 352 368 256 368 0
w 256 320 256 368 0
w 144 368 256 368 0
w 352 160 352 128 0
w 208 128 352 128 0
r 256 96 448 96 0 10000
r 256 96 144 96 0 20000
w 256 176 256 96 0
w 448 96 448 192 0
w 112 128 208 128 0
w 112 208 112 128 0
w 448 192 528 192 0
w 352 368 528 368 0
p 528 192 528 368 1 1 0
r 144 96 144 368 0 10000
r 144 96 144 16 0 100000
w 144 16 0 16 0
w 0 288 0 368 0
403 560 240 688 336 0 19_128_0_135170_2.602896111121678_0.0001_-1_1
v 0 16 0 288 0 1 50 5 0 0 0.159154943092
w 0 368 144 368 0
38 25 F1 0 -20 20 -1 Voltage
38 3 F1 0 1 1000 -1 Resistance
38 4 F1 0 5000 30000 -1 Resistance
